-200.0 -200.0 -223. -171.
-200.0 -300.0 -223. -277.
-200.0 -400.0 -223. -384.
-200.0 -500.0 -223. -492.
-200.0 -600.0 -223. -599.
-200.0 -700.0 -220 -710
-100.0 -200.0 -114 -172
-100.0 -300.0 -115 -277
-100.0 -400.0 -115 -381
-100.0 -500.0 -113 -491
-100.0 -600.0 -115 -601
-100.0 -700.0 -114 -711
0.0 -200.0 -8 -171
0.0 -300.0 -8 -276
0.0 -400.0 -10 -382
0.0 -500.0 -11 -492
0.0 -600.0 -8 -602
0.0 -700.0 -9 -711
100.0 -200.0 101 -171
100.0 -300.0 100 -276
100.0 -400.0 102 -382
100.0 -500.0 101 -492
100.0 -600.0 101 -600
100.0 -700.0 102 -711
200.0 -200.0 210 -169
200.0 -300.0 207 -277
200.0 -400.0 209 -381
200.0 -500.0 208 -489
200.0 -600.0 208 -600
200.0 -700.0 210 -710
300.0 -200.0 319 -167
300.0 -300.0 319 -273
300.0 -400.0 319 -379
300.0 -500.0 322 -486
300.0 -600.0 316 -596
300.0 -700.0 316 -707